29 1417
18 2907
44 214
26 1039
22 405
60 800
58 763
50 2562
52 839
46 1267
78 243
39 73
3 995
70 545
68 1444
31 270
19 465
14 250
48 847
30 152
65 587
47 913
1 230
43 212
16 99
21 101
53 183
73 91
76 1128
45 211
69 102
63 754
67 46
4 442
11 380
20 250
40 157
42 46
15 181
27 50
56 393
32 28
38 295
23 362
7 30
74 111
49 259
77 7
13 95
6 193
41 162
24 162
59 122
28 60
0 49
33 78
55 91
10 56
25 51
66 85
34 49
61 76
9 92
8 83
35 74
54 28
36 4
79 47
64 11
72 36
5 8
17 15
12 27
62 6
75 11
37 31
57 3
51 4
2 1